54647
143738
23903
249627
41884
17556
132409
43875
216226
34752
156242
185312
57923
156334
139088
161254
87944
224405
152410
25116
230102
118392
37042
148779
183827
56459
30160
247902
180029
68092
164921
137496
152990
78470
73337
57214
128118
216717
27349
85
275398
88015
80811
66779
80617
171600
216546
91302
78483
211381
25018
136
137555
100
62019
168149
97700
80643
139606
127986
25147
168208
80707
118511
23915
207498
36180
179
105555
131836
22586
78371
61617
78295
12260
152473
80738
20321
111
103921
285540
12226
131800
194321
111934
92203
69777
32437
198087
39993
24524
18318
230510
273592
158511
60356
121341
92998
213324
193997
9924
79418
78245
105535
219751
61515
143168
201240
205635
133408
204318
220833
42126
186225
218565
167769
125260
154664
204272
204972
9516
15056
91256
128048
35074
9925
55423
193063
672284
137009
106848
50969
108278
82260
186813
725011
165580
261803
137898
162250
117785
10242
223176
97188
22565
199030
250373
104654
211081
25737
67498
121463
127959
46660
195059
120
15648
197697
38085
75
125214
149721
12725
52940
184437
175428
73095
21899
134097
222501
179482
