54272
75776
67584
764928
64512
68608
8192
23552
73728
67584
68608
67584
763904
66560
60416
26624
300032
70656
94208
80896
87040
53248
57344
86016
68608
15360
56320
533504
501760
51200
59392
69632
54272
69632
60416
495616
1075200
49152
63488
6144
739328
26624
82944
50176
179200
53248
44032
523264
10240
74752
46080
11264
6144
8192
78848
47104
38912
8192
722944
9216
6144
9216
10240
47104
5120
493568
49152
18432
6144
5120
7168
35840
70656
40960
32768
54272
28672
103424
2048
67584
1049600
60416
531456
61440
78848
112640
270336
66560
60416
55296
167936
53248
63488
772096
1047552
69632
61440
69632
1029120
61440
41984
87040
57344
67584
64512
20480
48128
275456
30720
25600
43008
290816
65536
71680
54272
59392
715776
44032
47104
209920
34816
61440
208896
344064
50176
88064
71680
73728
12240896
125952
423936
57344
59392
141312
51200
9126912
66560
375808
72704
1579008
1288192
47104
53248
73728
95232
237568
487424
80896
60416
108544
371712
61440
61440
51200
53248
2048
71680
56320
59392
2048
69632
245760
5120
152576
391168
75776
143360
125952
57344
26624
64512
